%YAML:1.0
# Input-output configuration
input: [848, 800]
output: [800, 800]

# Camera calibration parameter
K1: !!opencv-matrix
   rows: 3
   cols: 3
   dt: d
   data: [ 286.063110351562, 0.0, 421.770111083984,
           0.0, 286.130096435547, 402.908294677734,0.0, 0.0, 1.0 ]
D1: !!opencv-matrix
   rows: 1
   cols: 4
   dt: d
   data: [ -0.00424315920099616, 0.0391328111290932, -0.0373711809515953 ,0.00625591585412621 ]
K2: !!opencv-matrix
   rows: 3
   cols: 3
   dt: d
   data: [ 285.918212890625, 0.0, 419.524505615234,
           0.0, 285.952606201172, 404.546508789062, 
           0.0, 0.0, 1.0 ]
D2: !!opencv-matrix
   rows: 1
   cols: 4
   dt: d
   data: [-0.00490465201437473, 0.0416384600102901 ,-0.0396286398172379 ,0.00687009189277887]
R: !!opencv-matrix
   rows: 3
   cols: 3
   dt: d
   data: [ 0.999984 , -0.000969337 , -0.00550959 , 
           0.000974116,  0.999999,  0.000864823,
           0.00550875, -0.000870177,  0.999984 ]
T: [ -0.06386798620224,  0.000186239456525072,  -8.98785219760612e-05 ]
